1.49179 0.99997 2.00003 0.50000 0.50000 4.84781 2.47496 2.98772
1.49195 1.04041 1.95959 0.50000 0.50000 4.84925 2.50366 2.97189
1.49213 1.07381 1.92619 0.50000 0.50000 4.85041 2.52678 2.95861
1.49226 1.10381 1.89619 0.50000 0.50000 4.85137 2.54701 2.94643
1.49244 1.13062 1.86938 0.50000 0.50000 4.85224 2.56480 2.93542
1.49258 1.15460 1.84540 0.50000 0.50000 4.85298 2.58044 2.92538
1.49269 1.17558 1.82442 0.50000 0.50000 4.85358 2.59388 2.91657
1.49284 1.19384 1.80616 0.50000 0.50000 4.85415 2.60542 2.90881
1.49301 1.21103 1.78897 0.50000 0.50000 4.85468 2.61617 2.90154
1.49316 1.22749 1.77251 0.50000 0.50000 4.85515 2.62639 2.89450
1.49330 1.24221 1.75779 0.50000 0.50000 4.85556 2.63538 2.88815
1.49346 1.25544 1.74456 0.50000 0.50000 4.85596 2.64341 2.88252
1.49360 1.26776 1.73224 0.50000 0.50000 4.85629 2.65083 2.87721
1.49377 1.27899 1.72101 0.50000 0.50000 4.85663 2.65753 2.87235
1.49390 1.28997 1.71003 0.50000 0.50000 4.85693 2.66407 2.86761
1.49403 1.30009 1.69991 0.50000 0.50000 4.85721 2.67002 2.86325
1.49419 1.30928 1.69072 0.50000 0.50000 4.85752 2.67542 2.85933
1.49434 1.31776 1.68224 0.50000 0.50000 4.85776 2.68034 2.85570
1.49447 1.32610 1.67390 0.50000 0.50000 4.85800 2.68517 2.85216
1.49461 1.33362 1.66638 0.50000 0.50000 4.85823 2.68949 2.84895
1.49476 1.34077 1.65923 0.50000 0.50000 4.85846 2.69357 2.84592
1.49490 1.34705 1.65295 0.50000 0.50000 4.85866 2.69714 2.84326
1.49506 1.35319 1.64681 0.50000 0.50000 4.85889 2.70063 2.84072
1.49519 1.35897 1.64103 0.50000 0.50000 4.85908 2.70389 2.83826
1.49533 1.36453 1.63547 0.50000 0.50000 4.85928 2.70701 2.83595
1.49551 1.36969 1.63031 0.50000 0.50000 4.85950 2.70988 2.83384
1.49567 1.37453 1.62547 0.50000 0.50000 4.85969 2.71257 2.83187
1.49579 1.37909 1.62091 0.50000 0.50000 4.85985 2.71510 2.82999
1.49591 1.38349 1.61651 0.50000 0.50000 4.86000 2.71752 2.82816
1.49607 1.38745 1.61255 0.50000 0.50000 4.86019 2.71971 2.82657
1.49619 1.39160 1.60840 0.50000 0.50000 4.86033 2.72198 2.82485
1.49633 1.39555 1.60445 0.50000 0.50000 4.86049 2.72414 2.82323
1.49648 1.39919 1.60081 0.50000 0.50000 4.86065 2.72612 2.82176
1.49660 1.40257 1.59743 0.50000 0.50000 4.86080 2.72795 2.82038
1.49676 1.40602 1.59398 0.50000 0.50000 4.86098 2.72981 2.81901
1.49692 1.40918 1.59082 0.50000 0.50000 4.86115 2.73151 2.81775
1.49709 1.41252 1.58748 0.50000 0.50000 4.86134 2.73332 2.81642
1.49725 1.41553 1.58447 0.50000 0.50000 4.86151 2.73494 2.81525
1.49743 1.41832 1.58168 0.50000 0.50000 4.86170 2.73643 2.81419
1.49755 1.42105 1.57895 0.50000 0.50000 4.86184 2.73790 2.81310
1.49770 1.42369 1.57631 0.50000 0.50000 4.86200 2.73930 2.81207
1.49785 1.42616 1.57384 0.50000 0.50000 4.86215 2.74063 2.81110
1.49796 1.42845 1.57155 0.50000 0.50000 4.86228 2.74185 2.81020
1.49811 1.43088 1.56912 0.50000 0.50000 4.86242 2.74314 2.80925
1.49828 1.43303 1.56697 0.50000 0.50000 4.86260 2.74428 2.80845
1.49840 1.43531 1.56469 0.50000 0.50000 4.86274 2.74549 2.80756
1.49857 1.43747 1.56253 0.50000 0.50000 4.86291 2.74664 2.80674
1.49872 1.43972 1.56028 0.50000 0.50000 4.86306 2.74782 2.80587
1.49888 1.44165 1.55835 0.50000 0.50000 4.86322 2.74883 2.80514
1.49901 1.44347 1.55653 0.50000 0.50000 4.86336 2.74978 2.80446
1.49919 1.44529 1.55471 0.50000 0.50000 4.86354 2.75075 2.80381
1.49935 1.44718 1.55282 0.50000 0.50000 4.86370 2.75173 2.80310
1.49953 1.44903 1.55097 0.50000 0.50000 4.86389 2.75270 2.80244
1.49969 1.45064 1.54936 0.50000 0.50000 4.86406 2.75355 2.80186
1.49985 1.45221 1.54779 0.50000 0.50000 4.86422 2.75437 2.80129
1.50002 1.45385 1.54615 0.50000 0.50000 4.86439 2.75522 2.80070
1.50030 1.45674 1.54326 0.50000 0.50000 4.86467 2.75672 2.79966
1.50045 1.45817 1.54183 0.50000 0.50000 4.86482 2.75746 2.79914
1.50060 1.45955 1.54045 0.50000 0.50000 4.86496 2.75817 2.79865
1.50079 1.46093 1.53907 0.50000 0.50000 4.86516 2.75890 2.79819
1.50096 1.46226 1.53774 0.50000 0.50000 4.86533 2.75958 2.79774
1.50010 1.46357 1.53643 0.50000 0.50000 4.86547 2.76026 2.79727
1.50028 1.46479 1.53521 0.50000 0.50000 4.86565 2.76089 2.79687
1.50041 1.46590 1.53410 0.50000 0.50000 4.86578 2.76146 2.79649
1.50056 1.46706 1.53294 0.50000 0.50000 4.86593 2.76206 2.79609
1.50072 1.46819 1.53181 0.50000 0.50000 4.86610 2.76265 2.79572
1.50088 1.46929 1.53071 0.50000 0.50000 4.86626 2.76321 2.79537
1.50005 1.47044 1.52956 0.50000 0.50000 4.86643 2.76380 2.79500
1.50019 1.47146 1.52854 0.50000 0.50000 4.86657 2.76432 2.79465
1.50033 1.47242 1.52758 0.50000 0.50000 4.86673 2.76482 2.79435
1.50049 1.47331 1.52669 0.50000 0.50000 4.86687 2.76527 2.79408
1.50060 1.47426 1.52574 0.50000 0.50000 4.86699 2.76576 2.79375
1.50074 1.47517 1.52483 0.50000 0.50000 4.86713 2.76622 2.79345
1.50090 1.47611 1.52389 0.50000 0.50000 4.86729 2.76670 2.79316
1.50009 1.47711 1.52289 0.50000 0.50000 4.86747 2.76721 2.79287
1.50023 1.47801 1.52199 0.50000 0.50000 4.86762 2.76767 2.79259
1.50039 1.47880 1.52120 0.50000 0.50000 4.86777 2.76807 2.79236
1.50054 1.47963 1.52037 0.50000 0.50000 4.86792 2.76849 2.79212
1.50067 1.48047 1.51953 0.50000 0.50000 4.86804 2.76892 2.79184
1.49916 1.48100 1.51900 0.50000 0.50000 4.86889 2.76988 2.78804
1.49931 1.48149 1.51851 0.50000 0.50000 4.86901 2.77062 2.78644
1.49947 1.48278 1.51722 0.50000 0.50000 4.86914 2.77125 2.78595
1.49962 1.48400 1.51600 0.50000 0.50000 4.86927 2.77186 2.78547
1.49976 1.48508 1.51492 0.50000 0.50000 4.86938 2.77239 2.78507
1.49993 1.48611 1.51389 0.50000 0.50000 4.86954 2.77290 2.78472
1.49908 1.48701 1.51299 0.50000 0.50000 4.86966 2.77335 2.78441
1.49925 1.48788 1.51212 0.50000 0.50000 4.86983 2.77378 2.78414
1.49940 1.48871 1.51129 0.50000 0.50000 4.86997 2.77419 2.78388
1.49958 1.48949 1.51051 0.50000 0.50000 4.86913 2.77358 2.78366
1.49972 1.49016 1.50984 0.50000 0.50000 4.86926 2.77391 2.78345
1.49989 1.49083 1.50917 0.50000 0.50000 4.86942 2.77425 2.78329
1.50003 1.49145 1.50855 0.50000 0.50000 4.86956 2.77455 2.78312
1.50019 1.49203 1.50797 0.50000 0.50000 4.86970 2.77484 2.78298
1.50032 1.49254 1.50746 0.50000 0.50000 4.86983 2.77509 2.78286
1.50048 1.49306 1.50694 0.50000 0.50000 4.86998 2.77535 2.78275
1.50064 1.49357 1.50643 0.50000 0.50000 4.87013 2.77560 2.78265
1.50080 1.49404 1.50596 0.50000 0.50000 4.87029 2.77584 2.78258
1.50094 1.49448 1.50552 0.50000 0.50000 4.87043 2.77605 2.78250
1.49997 1.49490 1.50510 0.50000 0.50000 4.87055 2.77626 2.78242
1.49923 1.49531 1.50469 0.50000 0.50000 4.87071 2.77646 2.78237
1.49939 1.49570 1.50430 0.50000 0.50000 4.87086 2.77666 2.78233
1.49952 1.49606 1.50394 0.50000 0.50000 4.87098 2.77684 2.78228
1.49966 1.49642 1.50358 0.50000 0.50000 4.87113 2.77701 2.78225
1.49981 1.49676 1.50324 0.50000 0.50000 4.87127 2.77718 2.78222
1.49994 1.49708 1.50292 0.50000 0.50000 4.87140 2.77734 2.78219
1.50006 1.49738 1.50262 0.50000 0.50000 4.87151 2.77749 2.78216
1.50021 1.49771 1.50229 0.50000 0.50000 4.87166 2.77766 2.78214
1.50035 1.49801 1.50199 0.50000 0.50000 4.87180 2.77781 2.78213
1.50050 1.49833 1.50167 0.50000 0.50000 4.87195 2.77797 2.78212
1.50067 1.49864 1.50136 0.50000 0.50000 4.87211 2.77812 2.78212
1.50080 1.49890 1.50110 0.50000 0.50000 4.87224 2.77825 2.78212
1.50094 1.49917 1.50083 0.50000 0.50000 4.87238 2.77838 2.78211
1.49908 1.49945 1.50055 0.50000 0.50000 4.87252 2.77852 2.78211
1.49926 1.49975 1.50025 0.50000 0.50000 4.87270 2.77867 2.78211
1.49942 1.49997 1.50003 0.50000 0.50000 4.87285 2.77881 2.78211